0000000000000000000000000000000000111000000000000000000000000000000000
0000000000000000000000000000000011101110000000000000000000000000000000
0000000000000000000000000000000110101110000000000000000000000000000000
0000000000000000000000000000000110101111100000000000000000000000000000
0000000000000000000000000000011011101000010000000000000000000000000000
0000000000000000000000000000110010101000010000000000000000000000000000
0000000000000000000000000000110010101011100100000000000000000000000000
0000000000000000000000000001101110101011100100000000000000000000000000
0000000000000000000000000011001000101011110001000000000000000000000000
0000000000000000000000000110111101001010001011100000000000000000000000
0000000000000000000000001100100001111011011010010000000000000000000000
0000000000000000000000011011110011111011011010010000000000000000000000
0000000000000000000001101111011001000111111110000100000000000000000000
0000000000000000000011001000010111000111111110000100000000000000000000
0000000000000000000011001000010111001010000011111001000000000000000000
0000000000000000001100100011100110001010000011111001000000000000000000
0000000000000000001100100011100110011011000110000110100000000000000000
0000000000000000100010000101110001001110101001111010110000000000000000
0000000000000001100010000101110001111000101111000010101100000000000000
0000000000000011010100111001111010111000101111000010101100000000000000
0000000000000110010100111001111010000101101000100110101010000000000000
0000000000001101100100011100100110001001111001000010101011000000000000
0000000000011001000100011100100110001001111001000010101010100000000000
0000000000110111111110110011111101011111000111100110101010110000000000
0000000001100100000001101001000011010000101100011101101010101100000000
0000000011011110000001101001000011010111001010101011001010101010000000
0000000110010001000110111000011101110100111010101011001010101010000000
0000001101111011111100100100110001110100111010101010100010101010100000
0000011001000010010011111111101011101100010110101010100010101010100000
0000110111100111110011111111101011101100010110101010110110101010110000

